ShapeParams
-0.871745 -0.386822 -0.450494  -0.13775  0.274142  -0.40073  0.455918  0.225634 0.0445206  0.118455
RootTransformation
   0.996774   0.0784728 -0.00572013     1.00366
  0.0685424   -0.830575    0.552758     1.40342
  0.0386285   -0.551443   -0.833402    0.794624
          0           0           0           1
JointRotations
0
0
0
-0.291356
0.0581295
0.0840385
  -0.33729
-0.0401825
-0.0263598
-0.207697
0.0483452
0.0533695
-0.0976966
 0.0138778
 0.0122095
 0.0722159
-0.0218359
 0.0181714
 -0.183183
-0.0319361
 0.0308796
 0.204129
 0.183686
-0.102226
-0.215811
-0.274032
0.0692112
  0.019333
 0.0359362
-0.0221256
-0.180593
0.0855513
0.0601907
 0.247146
 0.119463
-0.290444
0.0203927
-0.109904
-0.179008
-0.173115
 0.174397
-0.122939
-0.140082
-0.243777
 0.275022
  0.226089
-0.0962194
 0.0536918
-0.225593
-0.475601
-0.643681
-0.188088
-0.006802
 0.916101
-0.418982
  -1.4513
 0.603518
-0.637699
  1.54161
-0.390114
-0.0238244
  0.093156
   0.39471
-0.397139
0.0518675
-0.333502
-0.208242
-0.183386
-0.359866
-0.158096
 0.246222
 0.430958
