ShapeParams
 -0.489819   0.187982  -0.391383  0.0731425  0.0345159  -0.139377 -0.0299679  0.0769034  0.0751555   0.190188
RootTransformation
  0.992744  -0.104249 -0.0544509   0.979393
-0.0859666  -0.958949   0.268895    1.44213
-0.0802829  -0.262354  -0.961328   0.764003
         0          0          0          1
JointRotations
0
0
0
 -0.198802
 0.0206096
-0.0523457
 -0.285412
-0.0557965
 -0.170021
  -0.249195
-0.00330684
  -0.019231
-0.119647
0.0862748
0.0362888
  -0.141679
-0.00128771
 0.00989149
 -0.129339
-0.0546543
 -0.172087
  0.114652
   0.24893
-0.0304286
 0.101077
-0.133556
 0.180075
  0.0565776
  0.0302522
-0.00780896
-0.112662
-0.018871
0.0772581
 0.133777
0.0839115
 -0.22938
 0.0998832
 -0.179594
-0.0949165
   0.083919
-0.00932446
  -0.372928
0.144376
0.224261
0.396017
 0.242484
-0.160301
0.0902658
 0.0252266
-0.0856286
 -0.744733
0.118807
0.308472
0.914146
  0.133048
 -0.174313
-0.0940561
0.00741121
 0.0460943
  0.216054
 0.199609
-0.156563
 0.215777
 -0.28572
 0.184711
-0.195487
 -0.256981
-0.0241396
 -0.242779
-0.128668
0.0853039
 0.208185
